##FastQC	0.11.9
>>Basic Statistics	pass
#Measure	Value
Filename	reads1.fastq.gz
File type	Conventional base calls
Encoding	Sanger / Illumina 1.9
Total Sequences	28160
Sequences flagged as poor quality	0
Sequence length	30-100
%GC	51
>>END_MODULE
>>Per base sequence quality	pass
#Base	Mean	Median	Lower Quartile	Upper Quartile	10th Percentile	90th Percentile
1	37.94872159090909	39.0	38.0	39.0	36.0	39.0
2	37.48561789772727	39.0	38.0	39.0	35.0	39.0
3	37.60372869318182	39.0	38.0	39.0	35.0	39.0
4	37.613707386363636	39.0	38.0	39.0	35.0	39.0
5	37.62645596590909	39.0	38.0	39.0	35.0	39.0
6	37.71182528409091	39.0	38.0	39.0	35.0	39.0
7	37.70394176136364	39.0	38.0	39.0	35.0	39.0
8	37.71175426136364	39.0	38.0	39.0	35.0	39.0
9	37.70063920454545	39.0	38.0	39.0	35.0	39.0
10-11	37.664311079545456	39.0	38.0	39.0	35.0	39.0
12-13	37.64344815340909	39.0	38.0	39.0	35.0	39.0
14-15	37.60827414772727	39.0	38.0	39.0	35.0	39.0
16-17	37.59568536931818	39.0	38.0	39.0	35.0	39.0
18-19	37.54911221590909	39.0	37.0	39.0	35.0	39.0
20-21	37.46042258522728	39.0	37.0	39.0	34.5	39.0
22-23	37.348313210227275	39.0	37.0	39.0	34.0	39.0
24-25	37.16031605113636	39.0	37.0	39.0	33.0	39.0
26-27	37.11654829545455	39.0	37.0	39.0	33.0	39.0
28-29	37.001367187499994	39.0	37.0	39.0	33.0	39.0
30-31	36.919511728482945	39.0	36.0	39.0	33.0	39.0
32-33	36.7948257365672	39.0	36.0	39.0	32.0	39.0
34-35	36.753652844595045	39.0	36.0	39.0	32.0	39.0
36-37	36.620824038110904	39.0	36.0	39.0	32.0	39.0
38-39	36.501199336431284	38.5	36.0	39.0	31.5	39.0
40-41	36.38107170470709	38.0	36.0	39.0	31.0	39.0
42-43	36.28199931489888	38.0	36.0	39.0	31.0	39.0
44-45	36.13376046018441	38.0	35.0	39.0	31.0	39.0
46-47	36.07125354032051	38.0	35.0	39.0	30.0	39.0
48-49	35.92368268936579	38.0	35.0	39.0	30.0	39.0
50-51	35.86534510507808	38.0	35.0	39.0	30.0	39.0
52-53	35.62804529764043	38.0	35.0	39.0	29.0	39.0
54-55	35.53761748057643	38.0	35.0	39.0	29.0	39.0
56-57	35.361042910729836	37.5	34.0	39.0	28.0	39.0
58-59	35.17870518492024	37.0	34.0	39.0	28.0	39.0
60-61	35.098654966162236	37.0	34.0	39.0	28.0	39.0
62-63	34.94524551531961	37.0	33.0	39.0	28.0	39.0
64-65	34.67925111609149	37.0	33.0	39.0	27.0	39.0
66-67	34.611441125840834	37.0	33.0	39.0	27.0	39.0
68-69	34.46509590584837	37.0	33.0	39.0	26.0	39.0
70-71	34.25864762205214	36.0	32.5	39.0	26.0	39.0
72-73	34.007925463233896	36.0	32.0	38.5	25.5	39.0
74-75	33.732423593216765	36.0	32.0	38.0	25.0	39.0
76-77	33.5930769295402	36.0	31.5	38.0	24.5	39.0
78-79	33.29966749655328	36.0	31.0	38.0	24.0	39.0
80-81	33.11418690097456	36.0	30.5	38.0	23.5	39.0
82-83	32.865962602352035	35.5	30.0	38.0	23.0	39.0
84-85	32.78505661295337	35.0	30.0	38.0	23.0	39.0
86-87	32.43348778062	35.0	30.0	38.0	22.0	39.0
88-89	32.11733841163812	34.5	29.0	37.0	21.5	39.0
90-91	31.850152899992757	34.0	28.5	37.0	21.0	39.0
92-93	31.577099736684197	34.0	28.0	37.0	21.0	39.0
94-95	31.496178606081415	34.0	28.0	37.0	21.0	38.5
96-97	31.56332186816391	33.5	28.0	37.0	21.0	38.0
98-99	31.407025079326417	33.0	28.0	37.0	21.0	38.0
100	31.21268656716418	33.0	28.0	36.0	21.0	38.0
>>END_MODULE
>>Per sequence quality scores	pass
#Quality	Count
17	1.0
18	1.0
19	1.0
20	3.0
21	9.0
22	14.0
23	31.0
24	34.0
25	58.0
26	86.0
27	151.0
28	252.0
29	431.0
30	693.0
31	946.0
32	1491.0
33	2222.0
34	3179.0
35	4414.0
36	5488.0
37	5894.0
38	2760.0
39	1.0
>>END_MODULE
>>Per base sequence content	pass
#Base	G	A	T	C
1	25.607244318181817	26.477272727272727	23.590198863636363	24.32528409090909
2	27.436079545454543	25.351562500000004	24.098011363636363	23.11434659090909
3	24.829545454545453	24.499289772727273	25.213068181818183	25.45809659090909
4	25.37997159090909	24.399857954545453	25.01065340909091	25.209517045454543
5	26.189630681818183	25.014204545454543	24.70880681818182	24.087357954545453
6	25.362215909090907	24.236505681818183	23.99502840909091	26.406249999999996
7	25.58238636363636	24.51349431818182	24.701704545454543	25.202414772727273
8	25.38707386363636	24.410511363636363	24.186789772727273	26.015624999999996
9	25.738636363636363	23.746448863636363	24.53125	25.983664772727273
10-11	25.669389204545457	24.007457386363637	24.128196022727273	26.194957386363637
12-13	25.71022727272727	23.961292613636363	24.280894886363637	26.04758522727273
14-15	25.96768465909091	23.833451704545457	24.366122159090907	25.832741477272727
16-17	25.637428977272727	23.996803977272727	24.437144886363637	25.928622159090907
18-19	25.763494318181817	23.757102272727273	24.343039772727273	26.136363636363637
20-21	25.696022727272727	23.893821022727273	24.200994318181817	26.20916193181818
22-23	25.983664772727273	24.1015625	23.893821022727273	26.020951704545453
24-25	25.926846590909093	24.32528409090909	23.746448863636363	26.001420454545453
26-27	25.662286931818183	24.264914772727273	24.153053977272727	25.91974431818182
28-29	26.132812500000004	23.86541193181818	23.842329545454547	26.159446022727273
30-31	26.104810324599136	23.88096846446475	23.864969602161622	26.149251608774488
32-33	25.519023434019424	24.234161988773057	24.13971308919184	26.107101488015683
34-35	25.915075296093175	23.846442415905962	24.432376426874363	25.806105861126493
36-37	25.674754145431056	24.07041849113488	24.264230852056563	25.990596511377507
38-39	25.88986863415512	24.048947273708833	23.92298002519345	26.138204066942595
40-41	26.15952118329928	23.60993074516753	24.235574923602698	25.994973147930494
42-43	25.8845944474687	23.964797677372527	24.137180185084375	26.013427690074398
44-45	26.33879781420765	24.020036429872498	23.88706739526412	25.754098360655735
46-47	25.79758479778637	24.137362335306296	24.24547836763116	25.81957449927617
48-49	25.741135795203768	24.716786817713697	24.131969986758865	25.41010740032367
50-51	25.484133743103637	24.130780908653314	24.047469174658424	26.337616173584628
52-53	25.975210302985186	23.99315119481873	23.937318543884466	26.09431995831162
54-55	26.089233935085588	24.108128332242075	23.7339818538958	26.068655878776543
56-57	25.752060504328472	24.1149733124611	24.180984892778334	25.95198129043209
58-59	26.113429438543246	24.038315629742034	24.02124430955994	25.827010622154777
60-61	26.141476021824445	24.292141284579305	23.82119268689576	25.745190006700486
62-63	25.853856093186504	24.13939405627447	23.855900333635468	26.150849516903552
64-65	26.26873214251006	24.04322727361076	23.695309918560127	25.99273066531905
66-67	25.82540680764091	24.601053376306893	23.416005031051018	26.15753478500118
68-69	25.733446754634116	24.20819402955548	24.053888306395773	26.00447090941463
70-71	25.477847530034698	24.099961892536953	24.398804629053934	26.02338594837442
72-73	25.82358546029558	23.871307803028767	24.0314634986924	26.27364323798325
74-75	25.95577980146033	24.364180818771022	24.13856756091558	25.54147181885306
76-77	25.516248800634102	24.644361937340953	23.66401067957115	26.175378582453803
78-79	25.756872997132735	24.31902513071344	24.025974025974026	25.89812784617979
80-81	25.6733153638814	24.11644204851752	24.012938005390836	26.19730458221024
82-83	25.48959474260679	24.49726177437021	24.194961664841184	25.818181818181817
84-85	25.399982123703968	24.08607436539149	24.25589917769038	26.25804433321416
86-87	26.292020921176935	24.091610792378056	23.83585631667473	25.78051196977028
88-89	25.499835348355838	24.149691866208777	24.257891518088158	26.092581267347224
90-91	25.713865896067002	23.98246559239849	24.73673899201646	25.56692951951805
92-93	25.818007517848585	23.905749388228763	24.25641413759177	26.019828956330887
94-95	25.646353331053888	23.878909023960443	24.436495620841114	26.03824202414455
96-97	25.68244179796894	23.891827671070125	24.457582529489972	25.968148001470965
98-99	26.19230541930146	23.37923290585663	24.61438449264228	25.814077182199636
100	26.897293195041737	22.45762711864407	25.271945357955982	25.37313432835821
>>END_MODULE
>>Per sequence GC content	pass
#GC Content	Count
0	0.0
1	0.0
2	0.0
3	0.0
4	0.0
5	0.0
6	0.0
7	0.0
8	0.0
9	0.0
10	0.0
11	0.0
12	0.0
13	0.0
14	0.0
15	0.0
16	0.0
17	0.0
18	0.0
19	0.0
20	0.0
21	0.0
22	0.0
23	0.5
24	1.5
25	2.0
26	1.5
27	0.5
28	1.5
29	3.0
30	5.0
31	11.5
32	19.5
33	32.5
34	51.0
35	85.5
36	122.0
37	153.5
38	229.0
39	290.0
40	269.0
41	303.5
42	418.5
43	496.0
44	594.5
45	808.5
46	1080.5
47	1278.0
48	1433.5
49	1677.5
50	1973.5
51	2121.0
52	2047.0
53	2027.0
54	2023.5
55	1947.0
56	1927.5
57	1768.0
58	1495.5
59	1311.0
60	1092.5
61	813.0
62	584.0
63	429.5
64	314.5
65	229.0
66	190.5
67	153.0
68	128.0
69	114.5
70	102.0
71	85.5
72	66.0
73	59.5
74	51.5
75	40.5
76	28.5
77	17.0
78	10.0
79	6.0
80	6.0
81	5.5
82	4.0
83	3.0
84	2.0
85	1.0
86	0.0
87	0.0
88	0.0
89	0.0
90	0.0
91	0.0
92	0.0
93	0.0
94	0.0
95	0.0
96	0.0
97	0.0
98	0.0
99	0.0
100	0.0
>>END_MODULE
>>Per base N content	pass
#Base	N-Count
1	0.0
2	0.0
3	0.0
4	0.0
5	0.0
6	0.0
7	0.0
8	0.0
9	0.0
10-11	0.0
12-13	0.0
14-15	0.0
16-17	0.0
18-19	0.0
20-21	0.0
22-23	0.0
24-25	0.0
26-27	0.0
28-29	0.0
30-31	0.0
32-33	0.0
34-35	0.0
36-37	0.0
38-39	0.0
40-41	0.0
42-43	0.0
44-45	0.0
46-47	0.0
48-49	0.0
50-51	0.0
52-53	0.0
54-55	0.0
56-57	0.0
58-59	0.0
60-61	0.0
62-63	0.0
64-65	0.0
66-67	0.0
68-69	0.0
70-71	0.0
72-73	0.0
74-75	0.0
76-77	0.0
78-79	0.0
80-81	0.0
82-83	0.0
84-85	0.0
86-87	0.0
88-89	0.0
90-91	0.0
92-93	0.0
94-95	0.0
96-97	0.0
98-99	0.0
100	0.0
>>END_MODULE
>>Sequence Length Distribution	warn
#Length	Count
30-31	93.0
32-33	53.0
34-35	137.0
36-37	68.0
38-39	113.0
40-41	123.0
42-43	85.0
44-45	187.0
46-47	81.0
48-49	149.0
50-51	177.0
52-53	124.0
54-55	228.0
56-57	135.0
58-59	210.0
60-61	229.0
62-63	177.0
64-65	317.0
66-67	140.0
68-69	281.0
70-71	338.0
72-73	253.0
74-75	444.0
76-77	215.0
78-79	441.0
80-81	461.0
82-83	357.0
84-85	770.0
86-87	358.0
88-89	713.0
90-91	764.0
92-93	641.0
94-95	1476.0
96-97	646.0
98-99	1364.0
100-101	15812.0
>>END_MODULE
>>Sequence Duplication Levels	warn
#Total Deduplicated Percentage	60.27698863636364
#Duplication Level	Percentage of deduplicated	Percentage of total
1	58.74867444326617	35.41193181818182
2	24.773182514433838	29.865056818181817
3	10.769412041946506	19.474431818181817
4	3.864734299516908	9.318181818181818
5	1.3609049133969602	4.1015625
6	0.36526452221043954	1.3210227272727273
7	0.10015317544479793	0.42258522727272724
8	0.017674089784376106	0.08522727272727272
9	0.0	0.0
>10	0.0	0.0
>50	0.0	0.0
>100	0.0	0.0
>500	0.0	0.0
>1k	0.0	0.0
>5k	0.0	0.0
>10k+	0.0	0.0
>>END_MODULE
>>Overrepresented sequences	pass
>>END_MODULE
>>Adapter Content	pass
#Position	Illumina Universal Adapter	Illumina Small RNA 3' Adapter	Illumina Small RNA 5' Adapter	Nextera Transposase Sequence	SOLID Small RNA Adapter
1	0.0	0.0	0.0	0.0	0.0
2	0.0	0.0	0.0	0.0	0.0
3	0.0	0.0	0.0	0.0	0.0
4	0.0	0.0	0.0	0.0	0.0
5	0.0	0.0	0.0	0.0	0.0
6	0.0	0.0	0.0	0.0	0.0
7	0.0	0.0	0.0	0.0	0.0
8	0.0	0.0	0.0	0.0	0.0
9	0.0	0.0	0.0	0.0	0.0
10-11	0.0	0.0	0.0	0.0	0.0
12-13	0.0	0.0	0.0	0.0	0.0
14-15	0.0	0.0	0.0	0.0	0.0
16-17	0.0	0.0	0.0	0.0	0.0
18-19	0.0	0.0	0.0	0.0	0.0
20-21	0.0	0.0	0.0	0.0	0.0
22-23	0.0	0.0	0.0	0.0	0.0
24-25	0.0	0.0	0.0	0.0	0.0
26-27	0.0	0.0	0.0	0.0	0.0
28-29	0.0	0.0	0.0	0.0	0.0
30-31	0.0	0.0	0.0	0.0	0.0
32-33	0.0	0.0	0.0	0.0	0.0
34-35	0.0	0.0	0.0	0.0	0.0
36-37	0.0	0.0	0.0	0.0	0.0
38-39	0.0	0.0	0.0	0.0	0.0
40-41	0.0	0.0	0.0	0.0	0.0
42-43	0.0	0.0	0.0	0.0	0.0
44-45	0.0	0.0	0.0	0.0	0.0
46-47	0.0	0.0	0.0	0.0	0.0
48-49	0.0	0.0	0.0	0.0	0.0
50-51	0.0	0.0	0.0	0.0	0.0
52-53	0.0	0.0	0.0	0.0	0.0
54-55	0.0	0.0	0.0	0.0	0.0
56-57	0.0	0.0	0.0	0.0	0.0
58-59	0.0	0.0	0.0	0.0	0.0
60-61	0.0	0.0	0.0	0.0	0.0
62-63	0.0	0.0	0.0	0.0	0.0
64-65	0.0	0.0	0.0	0.0	0.0
66-67	0.0	0.0	0.0	0.0	0.0
68-69	0.0	0.0	0.0	0.0	0.0
70-71	0.0	0.0	0.0	0.0	0.0
72-73	0.0	0.0	0.0	0.0	0.0
74-75	0.0	0.0	0.0	0.0	0.0
76-77	0.0	0.0	0.0	0.0	0.0
78-79	0.0	0.0	0.0	0.0	0.0
80-81	0.0	0.0	0.0	0.0	0.0
82-83	0.0	0.0	0.0	0.0	0.0
84-85	0.0	0.0	0.0	0.0	0.0
86-87	0.0	0.0	0.0	0.0	0.0
88-89	0.0	0.0	0.0	0.0	0.0
>>END_MODULE
