##FastQC	0.11.9
>>Basic Statistics	pass
#Measure	Value
Filename	reads2.fastq.gz
File type	Conventional base calls
Encoding	Sanger / Illumina 1.9
Total Sequences	28160
Sequences flagged as poor quality	0
Sequence length	30-100
%GC	51
>>END_MODULE
>>Per base sequence quality	pass
#Base	Mean	Median	Lower Quartile	Upper Quartile	10th Percentile	90th Percentile
1	37.746484375	39.0	38.0	39.0	35.0	39.0
2	37.21189630681818	39.0	37.0	39.0	34.0	39.0
3	37.177130681818184	39.0	37.0	39.0	33.0	39.0
4	37.250603693181816	39.0	37.0	39.0	34.0	39.0
5	37.21761363636364	39.0	37.0	39.0	34.0	39.0
6	37.31537642045455	39.0	37.0	39.0	34.0	39.0
7	37.33259943181818	39.0	37.0	39.0	34.0	39.0
8	37.322265625	39.0	37.0	39.0	34.0	39.0
9	37.29137073863637	39.0	37.0	39.0	34.0	39.0
10-11	37.29584517045454	39.0	37.0	39.0	34.0	39.0
12-13	37.2619140625	39.0	37.0	39.0	33.5	39.0
14-15	37.25649857954545	39.0	37.0	39.0	33.5	39.0
16-17	37.223082386363636	39.0	37.0	39.0	33.0	39.0
18-19	37.14169034090909	39.0	37.0	39.0	33.0	39.0
20-21	37.097904829545456	39.0	37.0	39.0	33.0	39.0
22-23	36.99390980113637	39.0	37.0	39.0	33.0	39.0
24-25	36.955912642045455	39.0	36.5	39.0	33.0	39.0
26-27	36.840234374999994	39.0	36.0	39.0	32.5	39.0
28-29	36.70799005681818	39.0	36.0	39.0	32.0	39.0
30-31	36.6266130317568	39.0	36.0	39.0	32.0	39.0
32-33	36.7206826717373	39.0	36.0	39.0	32.0	39.0
34-35	36.618211671491764	39.0	36.0	39.0	32.0	39.0
36-37	36.47684752924406	39.0	36.0	39.0	31.0	39.0
38-39	36.38643747295044	38.5	36.0	39.0	31.0	39.0
40-41	36.29687977307389	38.0	36.0	39.0	31.0	39.0
42-43	36.15313056765213	38.0	36.0	39.0	31.0	39.0
44-45	35.77282537311669	38.0	35.0	39.0	30.0	39.0
46-47	35.856750742233714	38.0	35.0	39.0	30.0	39.0
48-49	35.75561850550713	38.0	35.0	39.0	30.0	39.0
50-51	35.62201723155212	38.0	35.0	39.0	29.0	39.0
52-53	35.357479906410504	37.0	34.0	39.0	28.5	39.0
54-55	35.21945274130945	37.0	34.0	39.0	28.0	39.0
56-57	35.10131588137212	37.0	34.0	39.0	28.0	39.0
58-59	35.04747312636558	37.0	34.0	39.0	28.0	39.0
60-61	34.910506853438136	37.0	33.0	39.0	27.5	39.0
62-63	34.58973463553413	37.0	33.0	39.0	27.0	39.0
64-65	34.24049839763522	36.5	32.5	38.5	26.0	39.0
66-67	34.006059332197935	36.0	32.5	38.5	25.5	39.0
68-69	33.6669624305883	36.0	32.0	38.0	25.0	39.0
70-71	33.10132629846329	36.0	31.0	38.0	23.0	39.0
72-73	32.914395954553626	35.5	30.5	38.0	23.0	39.0
74-75	32.89207272109314	35.5	30.5	38.0	23.5	39.0
76-77	32.369679347039664	35.0	30.0	38.0	22.0	39.0
78-79	31.915736817193036	34.5	29.0	37.0	21.0	39.0
80-81	31.72102127588363	34.5	28.5	37.0	20.5	39.0
82-83	31.81504630421368	34.5	29.0	37.0	21.0	39.0
84-85	31.02698320846371	34.0	28.0	37.0	19.5	38.0
86-87	31.147155798427264	34.0	28.0	37.0	19.5	38.5
88-89	31.296659839746752	34.0	28.0	37.0	20.0	38.5
90-91	31.07140605123469	33.5	28.0	37.0	20.0	38.0
92-93	30.7006729699183	33.0	27.5	36.5	19.0	38.0
94-95	30.665506054585574	33.0	27.0	36.0	19.0	38.0
96-97	30.454224814965883	33.0	27.0	36.0	19.0	38.0
98-99	30.302441782320045	33.0	27.0	36.0	19.0	38.0
100	30.33387303514808	33.0	27.0	36.0	20.0	38.0
>>END_MODULE
>>Per sequence quality scores	pass
#Quality	Count
15	1.0
16	1.0
17	1.0
18	1.0
19	1.0
20	8.0
21	14.0
22	31.0
23	36.0
24	69.0
25	103.0
26	149.0
27	208.0
28	306.0
29	450.0
30	763.0
31	1205.0
32	1867.0
33	2768.0
34	3910.0
35	4891.0
36	5542.0
37	4525.0
38	1310.0
>>END_MODULE
>>Per base sequence content	pass
#Base	G	A	T	C
1	23.828125	25.8984375	24.90411931818182	25.369318181818183
2	25.12784090909091	26.10440340909091	24.680397727272727	24.087357954545453
3	25.436789772727273	25.031960227272727	24.378551136363637	25.152698863636363
4	25.557528409090907	24.058948863636363	24.552556818181817	25.830965909090907
5	25.926846590909093	24.786931818181817	24.50284090909091	24.783380681818183
6	25.731534090909093	24.08380681818182	24.098011363636363	26.086647727272727
7	26.61931818181818	24.176136363636363	23.998579545454547	25.20596590909091
8	25.31960227272727	24.730113636363637	24.105113636363637	25.845170454545453
9	25.5078125	24.005681818181817	24.691051136363637	25.795454545454543
10-11	25.76171875	24.192116477272727	24.08380681818182	25.962357954545457
12-13	25.830965909090907	24.12109375	24.076704545454543	25.971235795454543
14-15	25.6640625	23.7109375	24.430042613636363	26.194957386363637
16-17	25.886008522727273	23.989701704545453	24.078480113636363	26.045809659090907
18-19	25.797230113636367	23.718039772727273	24.231178977272727	26.253551136363633
20-21	25.65340909090909	23.957741477272727	24.05184659090909	26.33700284090909
22-23	25.880681818181817	24.094460227272727	23.883167613636363	26.14169034090909
24-25	25.94992897727273	23.893821022727273	23.941761363636363	26.214488636363637
26-27	25.786576704545457	23.93465909090909	24.387428977272727	25.891335227272727
28-29	25.953480113636363	24.01455965909091	23.817471590909093	26.214488636363637
30-31	26.005581130801087	23.77846110094026	24.045075629654644	26.170882138604007
32-33	26.038193391936947	24.22124351407735	24.16775136850739	25.57281172547831
34-35	25.866571275263816	24.04042210695761	24.11017707029154	25.982829547487036
36-37	25.943896346613478	23.86651571513289	24.272647222671484	25.916940715582154
38-39	25.919581680490445	24.3166245943022	24.010097367472053	25.753696357735308
40-41	25.878131003733646	24.20524159930402	24.072932903179034	25.843694493783303
42-43	25.898454585216502	23.875564951159063	24.35668464790786	25.869295815716576
44-45	25.79362898646297	24.05891080947409	24.227436756974594	25.920023447088347
46-47	26.17578247333419	24.029622533758264	23.882246743916145	25.912348248991396
48-49	25.812484953982334	23.962519212607177	24.343993629747597	25.881002203662895
50-51	26.049071741766955	24.01343408900084	24.00970239761172	25.92779177162049
52-53	25.771706291869172	24.28365014730442	23.959017470116905	25.985626090709502
54-55	25.9845494210755	24.044727348280226	23.97106321893357	25.999660011710706
56-57	26.091598977996416	23.86073294436182	24.31453304351142	25.733135034130346
58-59	25.785330261136714	24.189708141321045	24.00921658986175	26.01574500768049
60-61	26.15728155339806	23.815533980582522	24.227184466019416	25.8
62-63	25.933260136459886	24.003999686299114	24.252999764724336	25.809740412516664
64-65	26.083938276012535	24.001348724661828	23.97754770121782	25.937165298107818
66-67	25.97596086089915	23.863979544585153	23.902232781010287	26.257826813505407
68-69	25.72855104952109	24.039127776645607	24.012635011208477	26.21968616262482
70-71	25.62354988399072	24.428239973483592	24.165147497514088	25.7830626450116
72-73	25.42131298733965	24.119644504066404	24.22025656074453	26.23878594784942
74-75	25.553358423167698	24.326508047883312	24.07986221853671	26.040271310412283
76-77	25.743647558754663	24.072066603069985	23.954990894111525	26.22929494406383
78-79	25.56457110187567	24.21004024012138	24.163863051652484	26.06152560635046
80-81	25.63676011060405	23.912505901130768	24.22723287548052	26.223501112784657
82-83	25.625272231264756	24.373581531830997	24.06868251530226	25.932463721601977
84-85	25.98282979921186	23.902233064364797	23.991367986489024	26.123569149934323
86-87	25.96070499855533	24.007993836078203	24.157276317056727	25.874024848309734
88-89	25.8155784086995	23.97037838901737	24.11061359051321	26.10342961176992
90-91	25.768176110299585	24.225417083109097	24.330488711206787	25.675918095384535
92-93	25.677108178300738	24.161233900461124	24.362643769544707	25.799014151693434
94-95	25.524194665263273	24.349777026839874	23.942608647480817	26.18341966041603
96-97	26.12455210400071	24.042761112262724	24.445497349640203	25.387189434096364
98-99	25.912683477606326	24.027725504955463	24.275498682724876	25.78409233471334
100	26.58031437630709	23.078998853133644	24.819537205693855	25.521149564865414
>>END_MODULE
>>Per sequence GC content	pass
#GC Content	Count
0	0.0
1	0.0
2	0.0
3	0.0
4	0.0
5	0.0
6	0.0
7	0.0
8	0.0
9	0.0
10	0.0
11	0.0
12	0.0
13	0.0
14	0.0
15	0.0
16	0.0
17	0.0
18	0.0
19	0.0
20	0.0
21	0.0
22	0.0
23	0.0
24	0.0
25	0.0
26	0.0
27	1.0
28	2.5
29	3.0
30	3.5
31	6.0
32	14.0
33	32.5
34	65.0
35	94.5
36	114.5
37	166.5
38	224.5
39	280.0
40	294.0
41	322.5
42	436.0
43	510.5
44	606.0
45	767.0
46	1017.0
47	1273.5
48	1409.5
49	1662.5
50	1968.5
51	2116.0
52	2135.0
53	2096.0
54	2073.0
55	2055.0
56	1992.5
57	1807.0
58	1550.5
59	1309.0
60	1059.5
61	817.5
62	627.0
63	496.0
64	365.5
65	268.5
66	220.0
67	169.5
68	139.0
69	121.0
70	104.0
71	87.0
72	76.5
73	63.0
74	53.5
75	41.0
76	27.5
77	23.5
78	19.0
79	13.5
80	8.0
81	4.0
82	3.0
83	3.0
84	3.0
85	1.5
86	0.0
87	0.0
88	0.0
89	0.0
90	0.0
91	0.0
92	0.0
93	0.0
94	0.0
95	0.0
96	0.0
97	0.0
98	0.0
99	0.0
100	0.0
>>END_MODULE
>>Per base N content	pass
#Base	N-Count
1	0.0
2	0.0
3	0.0
4	0.0
5	0.0
6	0.0
7	0.0
8	0.0
9	0.0
10-11	0.0
12-13	0.0
14-15	0.0
16-17	0.0
18-19	0.0
20-21	0.0
22-23	0.0
24-25	0.0
26-27	0.0
28-29	0.0
30-31	0.0
32-33	0.0
34-35	0.0
36-37	0.0
38-39	0.0
40-41	0.0
42-43	0.0
44-45	0.0
46-47	0.0
48-49	0.0
50-51	0.0
52-53	0.0
54-55	0.0
56-57	0.0
58-59	0.0
60-61	0.0
62-63	0.0
64-65	0.0
66-67	0.0
68-69	0.0
70-71	0.0
72-73	0.0
74-75	0.0
76-77	0.0
78-79	0.0
80-81	0.0
82-83	0.0
84-85	0.0
86-87	0.0
88-89	0.0
90-91	0.0
92-93	0.0
94-95	0.0
96-97	0.0
98-99	0.0
100	0.0
>>END_MODULE
>>Sequence Length Distribution	warn
#Length	Count
30-31	98.0
32-33	78.0
34-35	144.0
36-37	81.0
38-39	121.0
40-41	163.0
42-43	142.0
44-45	162.0
46-47	130.0
48-49	188.0
50-51	172.0
52-53	154.0
54-55	264.0
56-57	174.0
58-59	241.0
60-61	289.0
62-63	261.0
64-65	393.0
66-67	277.0
68-69	387.0
70-71	324.0
72-73	282.0
74-75	495.0
76-77	316.0
78-79	422.0
80-81	491.0
82-83	461.0
84-85	617.0
86-87	355.0
88-89	707.0
90-91	760.0
92-93	680.0
94-95	1288.0
96-97	812.0
98-99	1408.0
100-101	14823.0
>>END_MODULE
>>Sequence Duplication Levels	warn
#Total Deduplicated Percentage	62.01704545454545
#Duplication Level	Percentage of deduplicated	Percentage of total
1	61.50939074667888	38.14630681818182
2	23.001603298213467	28.529829545454543
3	10.27256069628951	19.11221590909091
4	3.6417773705909298	9.03409090909091
5	1.1910215300045808	3.6931818181818183
6	0.30348144754924417	1.1292613636363638
7	0.0744388456252863	0.3231534090909091
8	0.0	0.0
9	0.0057260650480989465	0.03196022727272727
>10	0.0	0.0
>50	0.0	0.0
>100	0.0	0.0
>500	0.0	0.0
>1k	0.0	0.0
>5k	0.0	0.0
>10k+	0.0	0.0
>>END_MODULE
>>Overrepresented sequences	pass
>>END_MODULE
>>Adapter Content	pass
#Position	Illumina Universal Adapter	Illumina Small RNA 3' Adapter	Illumina Small RNA 5' Adapter	Nextera Transposase Sequence	SOLID Small RNA Adapter
1	0.0	0.0	0.0	0.0	0.0
2	0.0	0.0	0.0	0.0	0.0
3	0.0	0.0	0.0	0.0	0.0
4	0.0	0.0	0.0	0.0	0.0
5	0.0	0.0	0.0	0.0	0.0
6	0.0	0.0	0.0	0.0	0.0
7	0.0	0.0	0.0	0.0	0.0
8	0.0	0.0	0.0	0.0	0.0
9	0.0	0.0	0.0	0.0	0.0
10-11	0.0	0.0	0.0	0.0	0.0
12-13	0.0	0.0	0.0	0.0	0.0
14-15	0.0	0.0	0.0	0.0	0.0
16-17	0.0	0.0	0.0	0.0	0.0
18-19	0.0	0.0	0.0	0.0	0.0
20-21	0.0	0.0	0.0	0.0	0.0
22-23	0.0	0.0	0.0	0.0	0.0
24-25	0.0	0.0	0.0	0.0	0.0
26-27	0.0	0.0	0.0	0.0	0.0
28-29	0.0	0.0	0.0	0.0	0.0
30-31	0.0	0.0	0.0	0.0	0.0
32-33	0.0	0.0	0.0	0.0	0.0
34-35	0.0	0.0	0.0	0.0	0.0
36-37	0.0	0.0	0.0	0.0	0.0
38-39	0.0	0.0	0.0	0.0	0.0
40-41	0.0	0.0	0.0	0.0	0.0
42-43	0.0	0.0	0.0	0.0	0.0
44-45	0.0	0.0	0.0	0.0	0.0
46-47	0.0	0.0	0.0	0.0	0.0
48-49	0.0	0.0	0.0	0.0	0.0
50-51	0.0	0.0	0.0	0.0	0.0
52-53	0.0	0.0	0.0	0.0	0.0
54-55	0.0	0.0	0.0	0.0	0.0
56-57	0.0	0.0	0.0	0.0	0.0
58-59	0.0	0.0	0.0	0.0	0.0
60-61	0.0	0.0	0.0	0.0	0.0
62-63	0.0	0.0	0.0	0.0	0.0
64-65	0.0	0.0	0.0	0.0	0.0
66-67	0.0	0.0	0.0	0.0	0.0
68-69	0.0	0.0	0.0	0.0	0.0
70-71	0.0	0.0	0.0	0.0	0.0
72-73	0.0	0.0	0.0	0.0	0.0
74-75	0.0	0.0	0.0	0.0	0.0
76-77	0.0	0.0	0.0	0.0	0.0
78-79	0.0	0.0	0.0	0.0	0.0
80-81	0.0	0.0	0.0	0.0	0.0
82-83	0.0	0.0	0.0	0.0	0.0
84-85	0.0	0.0	0.0	0.0	0.0
86-87	0.0	0.0	0.0	0.0	0.0
88-89	0.0	0.0	0.0	0.0	0.0
>>END_MODULE
